    0 |          0.001           0.01          0.025           0.05          0.075            0.1            0.9          0.925           0.95          0.975           0.99          0.999
    1 |  10.8275661707    6.634896601   5.0238861873   3.8414588207    3.170053272   2.7055434541   0.0157907741   0.0088618528     0.00393214   0.0009820691   0.0001570879   0.0000015708
    2 |   13.815510558    9.210340372   7.3777589082   5.9914645471   5.1805343309    4.605170186   0.2107210313   0.1559230829   0.1025865888    0.050635616   0.0201006717   0.0020010007
    3 |  16.2662361962  11.3448667301   9.3484036045   7.8147279033   6.9046440635   6.2513886312   0.5843743742   0.4719925768   0.3518463177   0.2157952826   0.1148318019   0.0242975858
    4 |  18.4668269529   13.276704136  11.1432867819   9.4877290368   8.4962822078   7.7794403397   1.0636232168   0.8969359201   0.7107230214   0.4844185571   0.2971094805   0.0908040355
    5 |  20.5150056524  15.0862724694   12.832501994  11.0704976935  10.0083145348   9.2363568998    1.610307987   1.3937108513   1.1454762261   0.8312116135   0.5542980767   0.2102126026
    6 |  22.4577444848  16.8118938298  14.4493753354  12.5915872437  11.4659455077  10.6446406757   2.2041306565   1.9414931912   1.6353828943   1.2373442458   0.8720903302   0.3810667551
    7 |  24.3218863479  18.4753069066  16.0127642746  14.0671404493  12.8834319491  12.0170366238   2.8331069178   2.5276583864   2.1673499093   1.6898691807   1.2390423056   0.5984937524
    8 |  26.1244815584  20.0902350297  17.5345461395  15.5073130559  14.2697424068  13.3615661365   3.4895391256    3.143973531   2.7326367935   2.1797307473   1.6464973727   0.8571048273
    9 |  27.8771648713  21.6659943335  19.0227677986  16.9189776046  15.6309442353  14.6836565733   4.1681590081   3.7847489862   3.3251128431      2.7003895   2.0879007359   1.1519495462
   10 |  29.5882984451   23.209251159  20.4831773508  18.3070380533  16.9713652508  15.9871791721   4.8651820519   4.4458700729   3.9402991361   3.2469727802   2.5582121602   1.4787434638
   11 |  31.2641336202  24.7249703113   21.920049261  19.6751375727  18.2942193756  17.2750085175   5.5777847898   5.1242520224   4.5748130793   3.8157482522   3.0534841066   1.8338526647
   12 |  32.9094904074  26.2169673055  23.3366641586  21.0260698175  19.6019701905  18.5493477867   6.3037960596   5.8175139935   5.2260294884    4.403788507   3.5705689706   2.2142093205
   13 |  34.5281789749  27.6882496105  24.7356048849  22.3620324948  20.8965550579  19.8119293071   7.0415045801   6.5237740451   5.8918643377   5.0087505118   4.1069154715    2.617218147
   14 |  36.1232736804  29.1412377407   26.118948045  23.6847913048  22.1795299985   21.064144213   7.7895336098   7.2415146593   6.5706313838    5.628726103   4.6604250627   3.0406725208
   15 |  37.6972982184  30.5779141669  27.4883928634  24.9957901397  23.4521670528  22.3071295816   8.5467562417   7.9694913707   7.2609439277    6.262137795   5.2293488841   3.4826844659
   16 |  39.2523547908  31.9999269088  28.8453507234  26.2962276049  24.7155218711  23.5418289231   9.3122363538   8.7066687929   7.9616455724   6.9076643535   5.8122124701   3.9416278435
   17 |  40.7902167069   33.408663605  30.1910091216  27.5871116383  25.9704819461  24.7690353439  10.0851863346   9.4521746564   8.6717602047   7.5641864496   6.4077597777   4.4160927246
   18 |  42.3123963317  34.8053057347  31.5263784404  28.8692994304  27.2178018553  25.9894230826  10.8649361165  10.2052660411   9.3904550807   8.2307461948   7.0149109012   4.9048488087
   19 |  43.8201959645  36.1908691293  32.8523268617  30.1435272056  28.4581295464  27.2035710294  11.6509100321  10.9653040762  10.1170130639    8.906516482   7.6327296476   5.4068160176
   20 |  45.3147466181  37.5662347866  34.1696069028  31.4104328442  29.6920262991  28.4119805843  12.4426092105  11.7317346549  10.8508113942   9.5907773923   8.2603983325   5.9210407455
   21 |  46.7970380416  38.9321726835  35.4788759057  32.6705733409  30.9199821265  29.6150894362  13.2395979754  12.5040735071  11.5913052088  10.2828977825   8.8971979421   6.4466765632
   22 |  48.2679422908  40.2893604376   36.780712084  33.9244384714  32.1424278294   30.813282344  14.0414931894  13.2818944844  12.3380145788  10.9823207345   9.5424923388   6.9829684412
   23 |  49.7282324664  41.6383981189  38.0756272504  35.1724616269  33.3597445495  32.0068996817  14.8479557993  14.0648202539  13.0905141882  11.6885519225  10.1957155557   7.5292397652
   24 |  51.1785977774  42.9798201394  39.3640770266  36.4150285018  34.5722714294  33.1962442886  15.6586840525  14.8525148209  13.8484250272  12.4011502174  10.8563614755   8.0848815808
   25 |  52.6196557762  44.3141048962  40.6464691203  37.6524841335  35.7803118174  34.3815870176  16.4734079987   15.644677462  14.6114076395  13.1197200249  11.5239753722   8.6493436284
   26 |  54.0519623886  45.6416826663  41.9231700964  38.8851386598  36.9841383417  35.5631712719  17.2918849897  16.4410377546  15.3791565833   13.843904982  12.1981469235   9.2221268242
   27 |  55.4760202057  46.9629421248  43.1945109662  40.1132720694  38.1839970958  36.7412167478  18.1138959669  17.2413514723  16.1513958497  14.5733827308  12.8785043931   9.8027769184
   28 |  56.8922853934  48.2782357703  44.4607918363  41.3371381514  39.3801111183  37.9159225447  18.9392423719  18.0453971675  16.9278750444  15.3078605526  13.5647097546  10.3908791158
   29 |  58.3011734898  49.5878844729  45.7222858042  42.5569678043  40.5726833075  39.0874697707  19.7677435595  18.8529733059  17.7083661828  16.0470716954  14.2564545763  10.9860534886
   30 |  59.7030643044  50.8921813115  46.9792422437  43.7729718257  41.7618988784  40.2560237387  20.5992346146   19.663895849   18.492660982  16.7907722656  14.9534565285  11.5879510456
   31 |  61.0983060811  52.1913948332  48.2318895945  44.9853432804  42.9479274476  41.4217358298  21.4335645003  20.4779961999  19.2805685591  17.5387385815  15.6554564017  12.1962503483
   32 |  62.4872190571  53.4857718362   49.480437743  46.1942595203  44.1309248123   42.584745083  22.2705944766  21.2951194498  20.0719134645  18.2907649073  16.3622155477  12.8106545828
   33 |  63.8700985223  54.7755397601  50.7250800663  47.3998839191  45.3110344769  43.7451795594  23.1101967436  22.1151228717  20.8665339907  19.0466615032  17.0735136723  13.4308890183
   34 |  65.2472174609  56.0609087478  51.9659951951  48.6023673673  46.4883889693  44.9031575185  23.9522532709  22.9378746212  21.6642807126  19.8062529392  17.7891469235  14.0566987893
   35 |  66.6188288437  57.3420734339  53.2033485421  49.8018495682  47.6631109813  46.0587884368  24.7966547837  23.7632526096  22.4650152209  20.5693766307   18.508926227  14.6878469546
   36 |   67.985167626  58.6192145017  54.4372936318  50.9984601657  48.8353143613  47.2121738949  25.6432998799  24.5911435229  23.2686090189  21.3358815608  19.2326758322  15.3241127916
   37 |  69.3464524962  59.8925000451  55.6679732643  52.1923197301  50.0051049814  48.3634083522  26.4920942583  25.4214419638  24.0749425567  22.1056271612  19.9602320364  15.9652902932
   38 |  70.7028874115  61.1620867637  56.8955205351   53.383540623  51.1725814985  49.5125798266  27.3429500422  26.2540496992  24.8839043833  22.8784823287  20.6914420623   16.611186837
   39 |   72.054662952  62.4281210162  58.1200597347  54.5722277589  52.3378360246  50.6597704932  28.1957851824  27.0888749963  25.6953903996  23.6543245576  21.4261630649  17.2616220055
   40 |   73.401957519  63.6907397516  59.3417071432  55.7584792789  53.5009547188  51.8050572133  29.0505229305  27.9258320363  26.5093031967  24.4330391708   22.164261253  17.9164265353
   41 |  74.7449383984  64.9500713352  60.5605717348  56.9423871468  54.6620183123  52.9485120031   29.907091372  28.7648403943    27.32555147  25.2145186381  22.9056111061  18.5754413795
   42 |  76.0837627077   66.206236284  61.7767558053  58.1240376809  55.8211025754  54.0902024507    30.76542301  29.6058245766  28.1440494967  25.9986619682  23.6500946778  19.2385168689
   43 |  77.4185782413  67.4593479223  62.9903555311  59.3035120269  56.9782787339  55.2301920884  31.6254543952  30.4487136074  28.9647166698  26.7853741655  24.3976009719  19.9055119589
   44 |   78.749524228  68.7095129693  64.2014614699  60.4808865823  58.1336138422  56.3685407251  32.4871257934  31.2934406594  29.7874770809  27.5745657445  25.1480253828  20.5762935521
   45 |  80.0767320108  69.9568320658    65.41015901  61.6562333763  59.2871711169   57.505304745  33.3503808886  32.1399427223  30.6122591456  28.3661522919  25.9012691932  21.2507358876
   46 |  81.4003256587  71.2014002483  66.6165287743  62.8296204114  60.4390102377  58.6405373758  34.2151665149  32.9881603043  31.4389952667  29.1600540741  26.6572391204  21.9287199895
   47 |  82.7204225191  72.4433073765  67.8206469843  64.0011119722  61.5891876185  59.7742889308  35.0814324155  33.8380371632    32.26762153  29.9561956819  27.4158469077  22.6101331667
   48 |  84.0371337172  73.6826385201  69.0225857897  65.1707689036  62.7377566522  60.9066070274  35.9491310247  34.6895200633  33.0980774295  30.7545057094   28.177008953  23.2948685596
   49 |  85.3505646086  74.9194743085  70.2224135664   66.338648863   63.884767932  62.0375367853  36.8182172702  35.5425585551  33.9303056185  31.5549164627  28.9406459734  23.9828247273
   50 |  86.6608151904   76.153891249  71.4201951875  67.5048065495  65.0302694535  63.1671210057   37.688648394  36.3971047756  34.7642516835  32.3573636957  29.7066826988  24.6739052719
   51 |  87.9679804756  77.3859620161  72.6159922691  68.6692939123  66.1743067969  64.2954003352  38.5603837895  37.2531132661  35.5998639382  33.1617863691  30.4750475942  25.3680184954
   52 |  89.2721508343   78.615755715  73.8098633951  69.8321603398  67.3169232943  65.4224134143  39.4333848529  38.1105408067  36.4370932362  33.9681264312  31.2456726051   26.065077086
   53 |  90.5734123053  79.8433381223  75.0018643219  70.9934528338  68.4581601816  66.5481970136  40.3076148476  38.9693462649  37.2758927996  34.7763286167  32.0184929252  26.7649978305
   54 |  91.8718468817  81.0687719063  76.1920481663   72.153216167  69.5980567381  67.6727861578  41.1830387802  39.8294904572  38.1162180625  35.5863402635  32.7934467839  27.4677013512
   55 |  93.1675327722  82.2921168292  77.3804655764  73.3114930291  70.7366504139  68.7962142397  42.0596232866  40.6909360222  38.9580265268  36.3981111443   33.570475251  28.1731118625
   56 |  94.4605446419   83.513429932  78.5671648903  74.4683241593  71.8739769468  69.9185131249  42.9373365284  41.5536473043  39.8012776309  37.2115933117  34.3495220572  28.8811569491
   57 |  95.7509538325  84.7327657051  79.7521922803  75.6237484694  73.0100704702  71.0397132474  43.8161480964  42.4175902462  40.6459326283  38.0267409562  35.1305334291  29.5917673595
   58 |  97.0388285665  85.9501762451  80.9355918865  76.7778031561  74.1449636122  72.1598436985  44.6960289223  43.2827322911  41.4919544757  38.8435102751  35.9134579371  30.3048768165
   59 |  98.3242341347  87.1657113998  82.1174059402  77.9305238052  75.2786875866  73.2789323079  45.5769511981  44.1490422911  42.3393077301  39.6618593515  36.6982463549   31.020421842
   60 |  99.6072330698  88.3794189014  83.2976748772  79.0819444878  76.4112722775  74.3970057194  46.4588883002  45.0164904237   43.187958454  40.4817480428  37.4848515298  31.7383415943
   61 | 100.8878853069  89.5913444907  84.4764374428  80.2320978488  77.5427463173  75.5140894599  47.3418147201  45.8850481141  44.0378741269  41.3031378773  38.2732282623  32.4585777178
   62 | 102.1662483318  90.8015320308  85.6537307896  81.3810151889  78.6731371588  76.6302080045  48.2257060005  46.7546879631  44.8890235643  42.1259919583  39.0633331951  33.1810742033
   63 | 103.4423773199  92.0100236141  86.8295905673  82.5287265415  79.8024711422  77.7453848357   49.110538675  47.6253836809  45.7413768417  42.9502748755  39.8551247093  33.9057772583
   64 |  104.716325263  93.2168596602  88.0040510065  83.6752607427   80.930773557  78.8596424991  49.9962902134   48.497110025  46.5949052248  43.7759526226   40.648562829  34.6326351864
   65 | 105.9881430896  94.4220790079  89.1771449968  84.8206454977  82.0580687002  79.9730026549    50.88293897  49.3698427427  47.4495811043  44.6029925203  41.4436091315  35.3615982748
   66 | 107.2578797749  95.6257190001  90.3489041588  85.9649074412  83.1843799294  81.0854861256  51.7704641355  50.2435585174   48.305377935  45.4313631455  42.2402266644  36.0926186893
   67 | 108.5255824444  96.8278155637  91.5193589123  87.1080721953  84.3097297136   82.197112941  52.6588456928  51.1182349196  49.1622701792   46.261034264   43.038379868  36.8256503774
   68 | 109.7912964707  98.0284032833  92.6885385383  88.2501644219   85.434139679  83.3079023797  53.5480643754  51.9938503592  50.0202332543  47.0919767691   43.838034503  37.5606489758
   69 | 111.0550655627  99.2275154706  93.8564712387  89.3912078725  86.5576306534  84.4178730076  54.4381016283  52.8703840431  50.8792434833  47.9241626236   44.639157583   38.297571726
   70 | 112.3169318505 100.4251842288  95.0231841904  90.5312254349  87.6802227062  85.5270427149  55.3289395719  53.7478159343   51.739278049   48.757564805  45.4417173108  39.0363773938
   71 | 113.5769359639 101.6214405136  96.1887035973  91.6702391761  88.8019351869  86.6354287495  56.2205609683  54.6261267139  52.6003149504  49.5921572557  46.2456830201  39.7770261946
   72 | 114.8351171062 102.8163141891  97.3530547382  92.8082703831  89.9227867607   87.743047749   57.112949189  55.5052977456  53.4623329633  50.4279148346  47.0510251192   40.519479723
   73 | 116.0915131232 104.0098340819  98.5162620116  93.9453396012  91.0427954417  88.8499157708  58.0060881858  56.3853110424  54.3253116015  51.2648132734  47.8577150396   41.263700887
   74 | 117.3461605683 105.2020280298  99.6783489785  95.0814666692  92.1619786246  89.9560483193  58.8999624623  57.2661492356   55.189231082  52.1028291342  48.6657251869  42.0096538463
   75 | 118.5990947638 106.3929229297 100.8393384018  96.2166707535  93.2803531137  91.0614603731  59.7945570481  58.1477955452  56.0540722914  52.9419397705  49.4750288949  42.7573039534
   76 | 119.8503498575 107.5825447806 101.9992522839   97.350970379   94.397935151  92.1661664089  60.6898574737  59.0302337523  56.9198167547  53.7821232904  50.2856003829  43.5066176994
   77 | 121.0999588773 108.7709187258 103.1581119013  98.4843834593  95.5147404417  93.2701804252  61.5858497478  59.9134481734  57.7864466059  54.6233585216  51.0974147146  44.2575626623
   78 | 122.3479537817 109.9580690914 104.3159378385  99.6169273243  96.6307841794  94.3735159638  62.4825203353  60.7974236359  58.6539445601  55.4656249789  51.9104477601  45.0101074579
   79 | 123.5943655076 111.1440194229 105.4727500183 100.7486187464  97.7460810684  95.4761861307  63.3798561365   61.682145455  59.5222938875  56.3089028334  52.7246761599  45.7642216944
   80 | 124.8392240158 112.3287925203 106.6285677317 101.8794739654   98.860645346  96.5782036153  64.2778444682  62.5675994122  60.3914783887  57.1531728836  53.5400772911  46.5198759292
   81 | 126.0825583332 113.5124104704 107.7834096653 103.0095087122  99.9744908027  97.6795807085  65.1764730449  63.4537717345  61.2614823715  57.9984165274  54.3566292348  47.2770416272
   82 | 127.3243965933 114.6948946776  108.937293928 104.1387382303 101.0876308018  98.7803293206  66.0757299621  64.3406490758   62.132290629  58.8446157369  55.1743107464   48.035691123
   83 | 128.5647660743 115.8762658933 110.0902380749 105.2671772969 102.2000782976  99.8804609969  66.9756036794  65.2282184976  63.0038884187  59.6917530335  55.9931012265  48.7957975838
   84 | 129.8036932349 117.0565442434 111.2422591315 106.3948402427 103.3118458526 100.9799869337  67.8760830056  66.1164674527   63.876261443   60.539811465   56.812980694   49.557334975
   85 | 131.0412037483 118.2357492541 112.3933736153 107.5217409707 104.4229456542 102.0789179927  68.7771570836  67.0053837683  64.7493958307  61.3887745832  57.6339297603  50.3202780272
   86 | 132.2773225349 119.4138998772  113.543597557 108.6478929735 105.5333895299 103.1772647148  69.6788153771  67.8949556308  65.6232781192  62.2386264239  58.4559296054  51.0846022052
   87 | 133.5120737925 120.5910145128 114.6929465203 109.7733093503 106.6431889621 104.2750373331  70.5810476571   68.785171571  66.4978952379  63.0893514867  59.2789619543  51.8502836786
   88 | 134.7454810251 121.7671110322 115.8414356208 110.8980028227 107.7523551022 105.3722457856  71.4838439897  69.6760204501  67.3732344927  63.9409347163  60.1030090554  52.6172992937
   89 | 135.9775670712 122.9422067983 116.9890795436 112.0219857498 108.8608987833  106.468899727  72.3871947242  70.5674914469  68.2492835506  64.7933614852  60.9280536598  53.3856265469
   90 | 137.2083541292 124.1163186861 118.1358925606 113.1452701426 109.9688305335 107.5650085394   73.291090482   71.459574045  69.1260304255  65.6466175765  61.7540790017  54.1552435597
   91 | 138.4378637823 125.2894631016 119.2818885465 114.2678676772 111.0761605873 108.6605813436  74.1955221461  72.3522580208  70.0034634652  66.5006891682  62.5810687794  54.9261290542
   92 | 139.6661170227 126.4616559996 120.4270809939 115.3897897083 112.1828988969 109.7556270086  75.1004808505  73.2455334325  70.8815713379  67.3555628179  63.4090071376  55.6982623308
   93 | 140.8931342732 127.6329129011 121.5714830282 116.5110472809 113.2890551435 110.8501541618  76.0059579715  74.1393906092  71.7603430202  68.2112254485  64.2378786508  56.4716232462
   94 | 142.1189354094 128.8032489096 122.7151074212 117.6316511423 114.3946387467 111.9441711974  76.9119451175  75.0338201406  72.6397677859  69.0676643341  65.0676683067  57.2461921927
   95 | 143.3435397792 129.9726787268 123.8579666043 118.7516117534  115.499658875  113.037686286  77.8184341213  75.9288128676  73.5198351941  69.9248670874  65.8983614911  58.0219500786
   96 | 144.5669662231 131.1412166671 125.0000726813 119.8709392986  116.604124455 114.1307073821   78.725417031  76.8243598724  74.4005350794   70.782821647  66.7299439734  58.7988783092
   97 | 145.7892330918 132.3088766718 126.1414374401 120.9896436966 117.7080441796 115.2232422322  79.6328861028  77.7204524705  75.2818575415  71.6415162653  67.5624018923  59.5769587692
   98 | 147.0103582644  133.475672323 127.2820723643 122.1077346098 118.8114265174 116.3152983827   80.540833793  78.6170822015  76.1637929357  72.5009394977  68.3957217429  60.3561738055
   99 | 148.2303591651 134.6416168558 128.4219886438 123.2252214534 119.9142797199 117.4068831868   81.449252751  79.5142408216  77.0463318638  73.3610801913  69.2298903639  61.1365062104
  100 |  149.449252779  135.806723171 129.5611971858  124.342113404 121.0166118298 118.4980038111  82.3581358124  80.4119202955   77.929465165  74.2219274749  70.0648949254  61.9179392069
